[gd_scene load_steps=6 format=3 uid="uid://cmoy04wx2yjiu"]

[ext_resource type="Script" uid="uid://cj5lxdhxn8nhc" path="res://scripts/track.gd" id="1_336ln"]
[ext_resource type="PackedScene" uid="uid://n6gl8363mf31" path="res://scenes/track/curved_track_piece.tscn" id="1_ahl4j"]
[ext_resource type="Script" uid="uid://i5wn2vfor5l3" path="res://scripts/environment.gd" id="1_b75io"]
[ext_resource type="PackedScene" uid="uid://d2twlygj6e7gr" path="res://scenes/track/straight_track_piece.tscn" id="2_1004d"]
[ext_resource type="PackedScene" uid="uid://cadrg823rbyi2" path="res://scenes/track/checkpoint.tscn" id="3_j84yq"]

[node name="Environment" type="Node3D"]
script = ExtResource("1_b75io")

[node name="Track" type="Node3D" parent="."]
script = ExtResource("1_336ln")

[node name="StraightTrackPiece2" parent="Track" instance=ExtResource("2_1004d")]
transform = Transform3D(1, 0, 0, 0, 1, 0, 0, 0, 1, 0, 0, -2)
length = 8.0

[node name="Checkpoint" parent="Track" instance=ExtResource("3_j84yq")]
transform = Transform3D(1, 0, 0, 0, 1, 0, 0, 0, 1, 0, 0, 6)

[node name="CurvedTrackPiece" parent="Track" instance=ExtResource("1_ahl4j")]
transform = Transform3D(1, 0, 0, 0, 1, 0, 0, 0, 1, 0, 0, 6)

[node name="Checkpoint2" parent="Track" instance=ExtResource("3_j84yq")]
transform = Transform3D(-4.371139e-08, 0, -1, 0, 1, 0, 1, 0, -4.371139e-08, -5, 0, 11)

[node name="StraightTrackPiece" parent="Track" instance=ExtResource("2_1004d")]
transform = Transform3D(-4.371139e-08, 0, -1, 0, 1, 0, 1, 0, -4.371139e-08, -5, 0, 11)
length = 5.0

[node name="CurvedTrackPiece2" parent="Track" instance=ExtResource("1_ahl4j")]
transform = Transform3D(-4.371139e-08, 0, -1, 0, 1, 0, 1, 0, -4.371139e-08, -10, 0, 11)
angle = 75.0
radius = 6.0
direction = 1

[node name="Checkpoint3" parent="Track" instance=ExtResource("3_j84yq")]
transform = Transform3D(0.9659258, 0, -0.2588191, 0, 1, 0, 0.2588191, 0, 0.9659258, -15.795555, 0, 15.447085)

[node name="CurvedTrackPiece3" parent="Track" instance=ExtResource("1_ahl4j")]
transform = Transform3D(0.9659258, 0, -0.2588191, 0, 1, 0, 0.2588191, 0, 0.9659258, -15.795555, 0, 15.447085)
angle = 60.0
radius = 10.0
direction = 1

[node name="StraightTrackPiece3" parent="Track" instance=ExtResource("2_1004d")]
transform = Transform3D(0.7071068, 0, 0.70710677, 0, 1, 0, -0.70710677, 0, 0.7071068, -13.207365, 0, 25.106346)
length = 10.0

[node name="Checkpoint4" parent="Track" instance=ExtResource("3_j84yq")]
transform = Transform3D(0.7071068, 0, 0.70710677, 0, 1, 0, -0.70710677, 0, 0.7071068, -6.136297, 0, 32.177414)
final = true

[node name="StraightTrackPiece4" parent="Track" instance=ExtResource("2_1004d")]
transform = Transform3D(0.7071068, 0, 0.70710677, 0, 1, 0, -0.70710677, 0, 0.7071068, -6.136297, 0, 32.177414)
length = 14.0

[connection signal="checkpoint_activated" from="Track/Checkpoint" to="." method="on_checkpoint_activated"]
[connection signal="checkpoint_activated" from="Track/Checkpoint2" to="." method="on_checkpoint_activated"]
[connection signal="checkpoint_activated" from="Track/Checkpoint3" to="." method="on_checkpoint_activated"]
[connection signal="checkpoint_activated" from="Track/Checkpoint4" to="." method="on_checkpoint_activated"]
