[gd_scene load_steps=7 format=3 uid="uid://bif2nwx37w2hu"]

[ext_resource type="Script" uid="uid://i5wn2vfor5l3" path="res://scripts/environment.gd" id="1_xvcjd"]
[ext_resource type="Script" uid="uid://cj5lxdhxn8nhc" path="res://scripts/track.gd" id="2_u63qm"]
[ext_resource type="PackedScene" uid="uid://d2twlygj6e7gr" path="res://scenes/track/straight_track_piece.tscn" id="3_kluam"]
[ext_resource type="PackedScene" uid="uid://cadrg823rbyi2" path="res://scenes/track/checkpoint.tscn" id="4_8hiix"]
[ext_resource type="PackedScene" uid="uid://n6gl8363mf31" path="res://scenes/track/curved_track_piece.tscn" id="5_sso6v"]

[sub_resource type="BoxShape3D" id="BoxShape3D_kluam"]
size = Vector3(4, 1, 0.25)

[node name="TrainingEnvironment" type="Node3D"]
script = ExtResource("1_xvcjd")

[node name="Track" type="Node3D" parent="."]
script = ExtResource("2_u63qm")
metadata/_custom_type_script = "uid://cj5lxdhxn8nhc"

[node name="StraightTrackPiece" parent="Track" instance=ExtResource("3_kluam")]
transform = Transform3D(1, 0, 0, 0, 1, 0, 0, 0, 1, 0, 0, -2)
length = 4.0

[node name="Checkpoint" parent="Track" instance=ExtResource("4_8hiix")]
transform = Transform3D(1, 0, 0, 0, 1, 0, 0, 0, 1, 0, 0, 2)

[node name="StraightTrackPiece3" parent="Track" instance=ExtResource("3_kluam")]
transform = Transform3D(1, 0, 0, 0, 1, 0, 0, 0, 1, 0, 0, 2)
length = 5.0

[node name="Checkpoint2" parent="Track" instance=ExtResource("4_8hiix")]
transform = Transform3D(1, 0, 0, 0, 1, 0, 0, 0, 1, 0, 0, 7)

[node name="CurvedTrackPiece" parent="Track" instance=ExtResource("5_sso6v")]
transform = Transform3D(1, 0, 0, 0, 1, 0, 0, 0, 1, 0, 0, 7)

[node name="Checkpoint3" parent="Track" instance=ExtResource("4_8hiix")]
transform = Transform3D(-4.371139e-08, 0, -1, 0, 1, 0, 1, 0, -4.371139e-08, -5, 0, 12)

[node name="StraightTrackPiece2" parent="Track" instance=ExtResource("3_kluam")]
transform = Transform3D(-4.371139e-08, 0, -1, 0, 1, 0, 1, 0, -4.371139e-08, -5, 0, 12)
length = 8.0

[node name="CurvedTrackPiece2" parent="Track" instance=ExtResource("5_sso6v")]
transform = Transform3D(-4.371139e-08, 0, -1, 0, 1, 0, 1, 0, -4.371139e-08, -13, 0, 12)
direction = 1

[node name="Checkpoint4" parent="Track" instance=ExtResource("4_8hiix")]
transform = Transform3D(1, 0, 0, 0, 1, 0, 0, 0, 1, -18, 0, 17)

[node name="StraightTrackPiece4" parent="Track" instance=ExtResource("3_kluam")]
transform = Transform3D(1, 0, 0, 0, 1, 0, 0, 0, 1, -18, 0, 17)
length = 12.0

[node name="Checkpoint5" parent="Track" instance=ExtResource("4_8hiix")]
transform = Transform3D(1, 0, 0, 0, 1, 0, 0, 0, 1, -18, 0, 29)

[node name="CurvedTrackPiece3" parent="Track" instance=ExtResource("5_sso6v")]
transform = Transform3D(1, 0, 0, 0, 1, 0, 0, 0, 1, -18, 0, 29)
angle = 60.0
radius = 12.5
direction = 1

[node name="CurvedTrackPiece4" parent="Track" instance=ExtResource("5_sso6v")]
transform = Transform3D(0.49999997, 0, 0.86602545, 0, 1, 0, -0.86602545, 0, 0.49999997, -11.75, 0, 39.825317)
radius = 6.5
direction = 1

[node name="Checkpoint6" parent="Track" instance=ExtResource("4_8hiix")]
transform = Transform3D(-0.86602545, 0, 0.49999994, 0, 1, 0, -0.49999994, 0, -0.86602545, -2.8708344, 0, 37.44615)

[node name="StraightTrackPiece5" parent="Track" instance=ExtResource("3_kluam")]
transform = Transform3D(-0.86602545, 0, 0.49999994, 0, 1, 0, -0.49999994, 0, -0.86602545, -2.8708344, 0, 37.44615)
length = 15.0

[node name="CurvedTrackPiece5" parent="Track" instance=ExtResource("5_sso6v")]
transform = Transform3D(-0.86602545, 0, 0.49999994, 0, 1, 0, -0.49999994, 0, -0.86602545, 4.6291647, 0, 24.45577)
angle = 50.0
radius = 6.0
direction = 1

[node name="CurvedTrackPiece6" parent="Track" instance=ExtResource("5_sso6v")]
transform = Transform3D(-0.9396926, 0, -0.3420202, 0, 1, 0, 0.3420202, 0, -0.9396926, 5.071168, 0, 19.403648)
radius = 7.0

[node name="CurvedTrackPiece7" parent="Track" instance=ExtResource("5_sso6v")]
transform = Transform3D(-0.34202018, 0, 0.9396926, 0, 1, 0, -0.9396926, 0, -0.34202018, 9.254875, 0, 10.431659)
radius = 7.5

[node name="Checkpoint7" parent="Track" instance=ExtResource("4_8hiix")]
transform = Transform3D(0.9396926, 0, 0.34202015, 0, 1, 0, -0.34202015, 0, 0.9396926, 18.867722, 0, 14.914202)

[node name="CurvedTrackPiece8" parent="Track" instance=ExtResource("5_sso6v")]
transform = Transform3D(0.9396926, 0, 0.34202015, 0, 1, 0, -0.34202015, 0, 0.9396926, 18.867722, 0, 14.914202)
angle = 35.0
radius = 15.0

[node name="StraightTrackPiece6" parent="Track" instance=ExtResource("3_kluam")]
transform = Transform3D(0.9659258, 0, -0.25881904, 0, 1, 0, 0.25881904, 0, 0.9659258, 19.261219, 0, 23.926788)
length = 20.0

[node name="Checkpoint8" parent="Track" instance=ExtResource("4_8hiix")]
transform = Transform3D(0.9659258, 0, -0.25881904, 0, 1, 0, 0.25881904, 0, 0.9659258, 14.084838, 0, 43.245304)

[node name="CurvedTrackPiece9" parent="Track" instance=ExtResource("5_sso6v")]
transform = Transform3D(0.9659258, 0, -0.25881904, 0, 1, 0, 0.25881904, 0, 0.9659258, 14.084838, 0, 43.245304)
angle = 30.0
radius = 8.0

[node name="CurvedTrackPiece10" parent="Track" instance=ExtResource("5_sso6v")]
transform = Transform3D(0.7071067, 0, -0.70710677, 0, 1, 0, 0.70710677, 0, 0.7071067, 12.014286, 0, 46.831604)
angle = 30.0
radius = 8.0
direction = 1

[node name="StraightTrackPiece7" parent="Track" instance=ExtResource("3_kluam")]
transform = Transform3D(0.9659257, 0, -0.25881904, 0, 1, 0, 0.25881904, 0, 0.9659257, 9.943733, 0, 50.417904)
length = 25.0

[node name="Checkpoint9" parent="Track" instance=ExtResource("4_8hiix")]
transform = Transform3D(0.9659257, 0, -0.25881904, 0, 1, 0, 0.25881904, 0, 0.9659257, 3.473257, 0, 74.56605)
final = true

[node name="Back Wall" type="StaticBody3D" parent="."]
collision_layer = 2

[node name="CollisionShape3D" type="CollisionShape3D" parent="Back Wall"]
transform = Transform3D(1, 0, 0, 0, 1, 0, 0, 0, 1, 0, 0.25, -2.125)
shape = SubResource("BoxShape3D_kluam")

[connection signal="checkpoint_activated" from="Track/Checkpoint" to="." method="on_checkpoint_activated"]
[connection signal="checkpoint_activated" from="Track/Checkpoint2" to="." method="on_checkpoint_activated"]
[connection signal="checkpoint_activated" from="Track/Checkpoint3" to="." method="on_checkpoint_activated"]
[connection signal="checkpoint_activated" from="Track/Checkpoint4" to="." method="on_checkpoint_activated"]
[connection signal="checkpoint_activated" from="Track/Checkpoint5" to="." method="on_checkpoint_activated"]
[connection signal="checkpoint_activated" from="Track/Checkpoint6" to="." method="on_checkpoint_activated"]
[connection signal="checkpoint_activated" from="Track/Checkpoint7" to="." method="on_checkpoint_activated"]
[connection signal="checkpoint_activated" from="Track/Checkpoint8" to="." method="on_checkpoint_activated"]
[connection signal="checkpoint_activated" from="Track/Checkpoint9" to="." method="on_checkpoint_activated"]
